k, code, err
   2    0 -2
   8    0 -8
  16    0 -16
  32    0 -32
  40    0 -40
  44    0 -44
  46    0 -46
  48    0 -48
  49    0 -49
  50    0 -50
  51    0 -51
  52    0 -52
  53    0 -53
  54    0 -54
  55    0 -55
  56    0 -56
  58    0 -58
  60   60 +0
  62   62 +0
  64   64 +0
  80   80 +0
  96   96 +0
 112  111 -1
 128  127 -1
 144  143 -1
 160  159 -1
 176  175 -1
 192  191 -1
 208  207 -1
 224  223 -1
 240  239 -1
 248  247 -1
 255  254 -1
monotonic: True | nonzero-code err range: (-1, 0)
