                                Constant values
                                constants  Thu Apr 16 19:52:50 UTC 2026
--------------------------------------------------------------------------------
Index   offset_results  
--------------------------------------------------------------------------------
0	8.609000e-03	
1	2.000900e-02	
2	1.760900e-02	
3	1.820900e-02	
4	1.640900e-02	
5	1.940900e-02	
6	1.880900e-02	
7	1.161000e-02	
8	1.820900e-02	
9	1.160900e-02	
10	8.609000e-03	
11	1.161000e-02	
12	1.280900e-02	
13	6.209000e-03	
14	1.880900e-02	
15	1.101000e-02	
16	2.000900e-02	
17	1.160900e-02	
18	2.180900e-02	
19	8.609000e-03	
20	1.760900e-02	
21	2.361000e-02	
22	1.400900e-02	
23	2.840900e-02	
24	9.209000e-03	
25	1.520900e-02	
26	1.760900e-02	
27	1.581000e-02	
28	1.581000e-02	
29	1.820900e-02	
30	2.120900e-02	
31	1.401000e-02	
32	1.520900e-02	
33	1.581000e-02	
34	1.040900e-02	
35	2.300900e-02	
36	2.060900e-02	
37	6.810000e-03	
38	1.880900e-02	
39	1.340900e-02	
40	1.280900e-02	
41	2.300900e-02	
42	1.160900e-02	
43	1.100900e-02	
44	1.280900e-02	
45	8.609000e-03	
46	1.880900e-02	
47	3.020900e-02	
48	1.101000e-02	
49	1.220900e-02	
50	1.220900e-02	
51	1.040900e-02	
52	2.300900e-02	
53	2.000900e-02	
54	1.640900e-02	

Index   offset_results  
--------------------------------------------------------------------------------
55	1.700900e-02	
56	1.641000e-02	
57	1.461000e-02	
58	1.100900e-02	
59	1.400900e-02	
60	1.341000e-02	
61	2.180900e-02	
62	1.220900e-02	
63	9.809000e-03	
64	1.580900e-02	
65	1.340900e-02	
66	1.700900e-02	
67	1.520900e-02	
68	1.940900e-02	
69	1.460900e-02	
70	1.880900e-02	
71	1.400900e-02	
72	1.581000e-02	
73	1.280900e-02	
74	1.521000e-02	
75	5.009000e-03	
76	1.760900e-02	
77	1.760900e-02	
78	1.580900e-02	
79	1.880900e-02	
80	1.220900e-02	
81	2.000900e-02	
82	1.940900e-02	
83	2.061000e-02	
84	7.409000e-03	
85	1.220900e-02	
86	1.941000e-02	
87	1.460900e-02	
88	1.281000e-02	
89	1.220900e-02	
90	2.060900e-02	
91	1.460900e-02	
92	1.880900e-02	
93	1.460900e-02	
94	1.760900e-02	
95	1.520900e-02	
96	1.340900e-02	
97	1.640900e-02	
98	1.160900e-02	
99	2.060900e-02	
100	1.160900e-02	
101	1.401000e-02	
102	2.000900e-02	
103	1.220900e-02	
104	1.700900e-02	
105	1.520900e-02	
106	8.009000e-03	
107	1.341000e-02	
108	1.520900e-02	
109	1.461000e-02	
110	2.240900e-02	
111	9.809000e-03	
112	1.101000e-02	

Index   offset_results  
--------------------------------------------------------------------------------
113	1.460900e-02	
114	1.460900e-02	
115	1.640900e-02	
116	1.640900e-02	
117	8.009000e-03	
118	2.000900e-02	
119	1.460900e-02	
120	2.960900e-02	
121	1.640900e-02	
122	2.000900e-02	
123	1.220900e-02	
124	1.041000e-02	
125	1.401000e-02	
126	1.280900e-02	
127	6.209000e-03	
128	1.101000e-02	
129	1.340900e-02	
130	1.880900e-02	
131	1.460900e-02	
132	1.040900e-02	
133	1.340900e-02	
134	8.609000e-03	
135	1.460900e-02	
136	2.000900e-02	
137	2.000900e-02	
138	1.520900e-02	
139	9.809000e-03	
140	1.340900e-02	
141	1.880900e-02	
142	1.400900e-02	
143	1.940900e-02	
144	1.941000e-02	
145	1.700900e-02	
146	1.641000e-02	
147	2.600900e-02	
148	1.760900e-02	
149	2.060900e-02	
150	1.280900e-02	
151	1.580900e-02	
152	1.461000e-02	
153	1.821000e-02	
154	1.820900e-02	
155	1.100900e-02	
156	1.160900e-02	
157	1.281000e-02	
158	1.220900e-02	
159	2.120900e-02	
160	2.180900e-02	
161	1.340900e-02	
162	1.760900e-02	
163	1.340900e-02	
164	2.180900e-02	
165	1.700900e-02	
166	1.400900e-02	
167	2.300900e-02	
168	1.040900e-02	
169	1.760900e-02	
170	1.340900e-02	

Index   offset_results  
--------------------------------------------------------------------------------
171	2.421000e-02	
172	8.609000e-03	
173	1.760900e-02	
174	1.880900e-02	
175	1.101000e-02	
176	1.401000e-02	
177	1.640900e-02	
178	2.120900e-02	
179	2.000900e-02	
180	8.010000e-03	
181	8.009000e-03	
182	6.809000e-03	
183	1.760900e-02	
184	1.700900e-02	
185	7.409000e-03	
186	2.120900e-02	
187	1.280900e-02	
188	1.220900e-02	
189	1.880900e-02	
190	1.340900e-02	
191	9.209000e-03	
192	1.701000e-02	
193	1.821000e-02	
194	1.700900e-02	
195	1.340900e-02	
196	1.520900e-02	
197	1.221000e-02	
198	2.420900e-02	
199	1.820900e-02	
200	1.700900e-02	
201	1.400900e-02	
202	1.460900e-02	
203	1.880900e-02	
204	6.809000e-03	
205	2.060900e-02	
206	1.220900e-02	
207	1.580900e-02	
208	1.161000e-02	
209	1.160900e-02	
210	1.400900e-02	
211	2.480900e-02	
212	1.520900e-02	
213	1.220900e-02	
214	9.809000e-03	
215	2.180900e-02	
216	8.009000e-03	
217	1.580900e-02	
218	1.580900e-02	
219	1.700900e-02	
220	1.700900e-02	
221	1.340900e-02	
222	8.609000e-03	
223	1.460900e-02	
224	1.280900e-02	
225	1.940900e-02	
226	1.220900e-02	
227	1.940900e-02	
228	1.160900e-02	

Index   offset_results  
--------------------------------------------------------------------------------
229	1.880900e-02	
230	1.760900e-02	
231	1.281000e-02	
232	1.220900e-02	
233	1.640900e-02	
234	1.220900e-02	
235	1.940900e-02	
236	2.001000e-02	
237	1.340900e-02	
238	9.209000e-03	
239	1.580900e-02	
240	2.120900e-02	
241	1.100900e-02	
242	1.460900e-02	
243	1.040900e-02	
244	2.000900e-02	
245	1.340900e-02	
246	1.221000e-02	
247	1.700900e-02	
248	8.009000e-03	
249	1.461000e-02	
250	9.810000e-03	
251	1.100900e-02	
252	1.880900e-02	
253	5.009000e-03	
254	1.220900e-02	
255	5.009000e-03	
256	1.640900e-02	
257	6.810000e-03	
258	6.209000e-03	
259	2.540900e-02	
260	1.760900e-02	
261	2.300900e-02	
262	1.820900e-02	
263	1.760900e-02	
264	1.580900e-02	
265	1.220900e-02	
266	1.520900e-02	
267	1.580900e-02	
268	2.061000e-02	
269	2.060900e-02	
270	1.220900e-02	
271	8.009000e-03	
272	9.209000e-03	
273	1.940900e-02	
274	1.520900e-02	
275	1.821000e-02	
276	9.809000e-03	
277	1.400900e-02	
278	1.460900e-02	
279	1.580900e-02	
280	2.120900e-02	
281	1.460900e-02	
282	9.809000e-03	
283	1.340900e-02	
284	1.520900e-02	
285	9.810000e-03	
286	1.400900e-02	

Index   offset_results  
--------------------------------------------------------------------------------
287	1.460900e-02	
288	1.400900e-02	
289	1.340900e-02	
290	1.820900e-02	
291	1.400900e-02	
292	2.121000e-02	
293	1.280900e-02	
294	7.409000e-03	
295	1.221000e-02	
296	1.220900e-02	
297	1.701000e-02	
298	1.160900e-02	
299	1.460900e-02	
